   ---
   привет:
   34.516174, 49.137207, 47.846039, 48.976135, 35.481018, 6.251343, 
   37.678314, 54.116760, 52.954559, 53.907654, 37.730499, 5.696136, 
   35.304138, 50.388397, 49.137390, 50.119568, 35.448425, 5.748566, 
   23.477814, 36.294037, 34.553986, 36.774445, 25.454041, 6.532532, 
   19.625031, 28.703094, 27.085846, 28.828094, 20.387024, 5.723755, 
   19.166962, 29.092590, 26.882751, 28.934052, 19.248596, 6.346832, 
   19.791931, 29.917572, 27.875946, 29.962219, 19.518097, 7.088959, 
   18.581390, 29.411865, 26.899658, 28.905090, 19.004700, 6.015686, 
   18.033997, 27.969788, 25.842682, 28.350433, 19.377716, 6.033691, 
   39.122650, 56.699402, 55.477539, 56.724213, 39.978577, 7.147247, 
   26.861145, 40.104462, 38.888641, 40.707642, 28.288269, 5.973297, 
   22.012085, 33.609100, 31.773224, 33.921570, 23.752228, 5.281738, 
   36.824585, 52.574982, 51.236298, 52.450256, 36.831329, 7.014313, 
   33.239929, 48.364044, 47.336334, 48.257721, 34.555023, 7.732361, 
   ---
   32.632904, 47.014130, 45.368042, 46.902100, 33.323151, 8.159363, 
   26.462311, 38.889191, 36.612823, 38.895630, 26.847443, 6.784454, 
   20.693054, 30.693420, 28.443481, 30.948914, 22.499359, 6.314484, 
   19.458740, 29.756042, 27.331879, 29.326416, 20.694519, 7.775299, 
   22.121918, 33.022552, 30.245300, 32.161957, 21.840637, 8.582886, 
   18.828674, 28.729736, 26.178680, 28.638824, 18.802826, 7.900787, 
   22.209045, 33.305817, 30.803314, 33.962860, 22.897552, 7.086792, 
   28.734467, 41.413605, 39.159332, 41.918701, 29.203644, 8.305695, 
   42.804840, 60.917572, 59.159271, 60.244324, 42.857239, 7.623505, 
   23.350250, 33.826447, 31.830994, 33.864349, 23.961426, 7.221802, 
   28.464417, 41.690460, 39.948242, 41.731537, 28.965607, 8.791290, 
   34.663239, 51.249939, 49.713684, 51.330231, 35.942902, 7.892242, 
   ---
   34.512451, 50.298309, 48.890381, 50.007782, 35.343597, 9.130646, 
   34.041962, 48.478424, 46.887573, 48.492340, 34.945404, 8.756592, 
   25.378723, 37.023987, 35.079651, 37.533203, 26.525116, 8.396667, 
   16.803589, 25.000763, 22.319550, 24.941498, 17.629517, 9.568176, 
   21.166351, 31.536255, 28.999542, 31.192200, 21.063629, 8.840576, 
   19.038788, 29.223846, 26.484772, 28.444275, 18.720459, 7.984863, 
   22.346741, 33.269897, 31.051758, 33.461182, 23.113129, 8.266968, 
   33.580505, 48.368134, 45.873871, 48.058197, 33.285065, 7.643890, 
   23.047882, 33.788330, 31.272552, 33.388031, 22.634705, 6.619873, 
   38.116028, 55.283020, 53.896515, 55.166473, 38.749390, 8.090881, 
   26.427521, 39.863495, 37.859833, 39.787994, 26.767029, 6.790466, 
   22.319000, 33.946869, 31.723267, 34.317932, 23.521057, 6.936310, 
   36.112762, 52.190247, 50.931793, 52.081360, 36.989594, 8.039948, 
   ---
   34.543579, 50.052399, 48.391541, 49.619965, 34.480896, 8.065613, 
   34.221466, 48.164642, 46.862091, 48.591766, 34.901581, 6.393463, 
   20.821838, 31.273132, 28.910248, 31.578094, 22.032440, 8.650879, 
   17.606934, 25.179321, 22.979187, 25.486115, 18.138550, 9.798737, 
   20.066803, 29.699158, 27.354095, 29.604553, 20.101013, 9.581848, 
   22.330505, 33.142456, 31.095917, 33.229279, 22.931793, 9.783844, 
   20.961731, 30.730286, 28.406281, 30.760162, 21.088013, 10.318085, 
   18.585846, 28.205597, 25.876740, 28.069794, 19.208557, 9.114136, 
   32.437744, 47.369324, 45.482208, 47.231567, 33.087708, 6.227264, 
   24.601532, 36.147614, 34.408417, 36.191559, 24.462585, 5.396393, 
   24.807373, 36.321991, 34.479828, 37.000366, 25.317291, 5.606628, 
   ---
   30.920776, 44.566803, 43.415497, 45.048279, 32.044708, 5.938995, 
   33.234039, 47.299744, 46.164490, 47.590210, 33.676270, 6.233429, 
   31.388916, 45.537384, 44.471313, 45.832825, 32.732086, 4.974213, 
   21.886566, 33.654114, 31.670685, 33.441559, 23.661102, 3.433044, 
   16.992676, 25.782715, 23.764099, 26.281250, 18.934875, 2.872559, 
   17.610107, 26.513672, 24.514862, 26.659271, 18.914276, 4.472595, 
   19.821960, 29.761444, 27.621521, 30.174713, 21.554840, 6.526337, 
   31.869263, 45.992340, 44.363739, 46.221924, 32.451385, 8.555298, 
   22.584198, 33.682587, 31.588470, 34.187195, 23.610107, 7.359344, 
   21.294891, 31.677063, 29.503296, 31.763123, 22.318604, 6.878937, 
   34.184387, 49.787079, 47.927887, 49.796082, 35.264893, 8.135284, 
   31.214417, 44.883759, 43.258453, 45.154968, 31.330688, 8.106995, 
   18.909760, 29.113525, 27.261810, 30.029510, 20.618835, 6.052216, 
   26.613739, 39.090637, 37.810669, 40.106995, 27.713623, 8.058350, 
   30.042725, 43.623871, 42.182800, 43.948669, 31.546234, 8.059143, 
   ---
   22.000519, 34.153717, 32.403076, 34.752869, 23.210327, 1.993744, 
   21.989594, 33.690765, 31.487885, 34.153198, 23.219696, 0.131317, 
   23.109344, 34.543976, 32.415192, 34.599426, 23.324066, 1.013245, 
   31.484650, 46.460175, 44.774231, 46.508636, 32.863770, -0.484039, 
   26.703705, 39.608124, 37.733734, 39.847046, 26.935211, -0.834351, 
   33.706818, 49.725800, 48.261139, 49.645538, 33.891144, -0.824677, 
   30.945740, 45.074554, 43.074463, 44.566742, 30.358490, -0.478546, 
   29.987610, 43.594269, 42.131042, 43.658508, 30.454132, -1.512268, 
   29.631897, 43.660645, 41.975159, 43.548370, 29.558411, -1.829163, 
   30.592072, 45.721252, 44.014862, 45.266266, 30.375275, -1.860413, 
   33.217010, 48.262238, 46.843689, 48.429474, 33.722443, -1.850311, 
   33.134705, 46.874268, 44.861877, 46.447205, 32.260284, -2.432587, 
   24.645660, 37.052002, 34.840576, 37.020508, 25.259308, -2.065826, 
   ---
   24.976318, 37.643890, 35.181030, 37.805359, 26.083618, -2.366486, 
   34.450714, 49.539154, 48.013214, 49.699951, 34.678467, -4.612640, 
   24.479156, 36.989105, 35.131104, 37.377411, 24.806305, -7.042419, 
   33.477295, 48.250427, 46.712372, 48.467865, 33.596222, -7.687439, 
   32.930145, 47.475189, 46.074188, 47.779633, 32.314240, -9.330566, 
   32.580902, 46.904236, 45.403778, 47.090668, 32.159424, -7.714111, 
   33.044525, 47.963409, 46.560547, 48.194702, 33.411804, -7.486572, 
   31.501556, 45.668427, 44.508270, 46.146698, 31.202423, -6.132996, 
   34.112732, 48.691528, 46.991302, 48.469421, 33.931458, -5.699615, 
   33.894379, 49.098511, 47.493408, 49.319275, 33.904877, -4.345947, 
   35.474243, 51.301575, 49.898590, 51.806946, 35.571228, -3.753906, 
   ---
   33.569855, 48.133728, 46.517029, 49.163422, 34.605164, -2.765625, 
   25.046417, 37.018250, 35.061646, 37.528107, 26.008789, -0.283752, 
   25.583893, 39.377625, 37.773468, 40.282562, 27.022583, 1.638824, 
   33.679016, 47.839417, 46.492096, 48.382751, 35.105011, 5.143616, 
   19.798401, 30.171906, 28.128662, 30.792938, 20.756165, 6.737000, 
   29.904846, 43.042755, 41.488068, 43.518555, 31.269135, 10.600861, 
   31.833405, 45.672638, 44.497742, 46.487183, 33.260162, 9.746429, 
   31.064758, 44.163635, 42.994629, 45.017731, 32.042664, 9.337311, 
   32.660828, 46.872070, 45.259766, 47.192291, 33.720642, 10.052856, 
   31.604462, 45.792877, 44.187164, 46.335632, 32.998230, 9.081146, 
   ---
   33.947998, 48.664703, 47.228119, 48.707397, 34.265686, 7.905487, 
   34.417114, 49.101288, 47.216156, 49.120239, 34.203766, 7.629608, 
   32.843750, 47.188873, 45.537292, 47.207336, 33.357910, 7.654633, 
   25.108856, 37.296417, 34.952606, 37.477081, 25.927643, 6.555328, 
   23.333435, 36.007812, 33.408569, 36.105835, 24.573364, 2.822601, 
   27.502991, 41.199158, 39.394257, 41.851196, 28.341003, -1.432953, 
   31.394592, 45.841736, 44.010986, 46.170105, 32.364471, -5.915222, 
   21.062836, 32.253082, 30.057861, 32.633453, 22.257965, -10.611603, 
   28.781433, 43.943481, 42.593536, 45.094513, 30.938751, -12.880035, 
   31.739349, 47.437134, 46.029053, 48.545868, 33.533203, -13.305389, 
   30.388794, 46.735107, 45.214783, 47.547943, 32.103821, -12.003937, 
   31.136261, 46.132751, 44.822479, 47.142883, 32.941071, -9.814209, 
   ---
   33.185120, 48.431335, 46.987671, 49.063568, 34.546600, -8.519775, 
   34.365479, 49.427246, 47.919128, 49.419037, 34.259125, -5.526093, 
   34.434845, 50.353424, 48.893463, 50.567139, 35.009735, -1.158936, 
   28.678009, 42.538666, 40.316345, 42.915466, 29.749878, 3.342651, 
   23.849976, 35.901154, 33.826843, 36.918793, 25.116577, 7.169434, 
   24.783356, 37.613800, 35.611511, 38.032623, 26.174103, 13.395966, 
   35.446808, 50.345093, 48.795227, 50.164215, 35.657074, 17.195953, 
   32.119873, 45.782288, 43.864838, 45.829681, 31.869415, 18.518463, 
   26.390228, 38.335693, 36.287872, 38.462006, 26.516266, 19.823853, 
   33.862396, 47.471588, 45.728394, 47.255707, 33.479401, 20.460846, 
   32.154480, 46.449860, 45.105408, 46.107941, 32.443359, 21.669983, 
   33.284576, 46.951874, 44.783142, 45.707336, 32.393402, 23.547821, 
   33.677429, 46.692566, 44.870880, 46.230072, 33.072205, 22.585144, 
   35.541229, 50.239746, 48.221985, 49.344482, 34.663879, 22.348755, 
   ---
   35.089355, 50.083099, 47.991455, 49.233002, 34.996307, 20.038910, 
   35.193695, 50.004364, 48.068237, 49.935883, 35.327576, 18.794495, 
   26.695099, 38.522736, 36.079376, 38.288422, 27.221710, 16.410492, 
   22.776154, 33.879059, 31.653931, 34.337891, 23.661072, 9.479797, 
   31.570953, 47.099792, 45.094147, 47.014832, 31.919708, -0.478516, 
   34.665833, 50.546387, 48.892456, 50.989044, 35.497559, -8.753632, 
   24.391602, 36.677826, 35.149384, 37.704315, 26.325195, -12.284332, 
   31.024933, 45.696594, 44.862366, 46.741241, 32.841705, -10.484283, 
   32.877594, 48.844574, 48.026459, 49.922852, 34.881805, -10.097900, 
   32.145294, 46.812836, 45.065063, 47.197235, 32.669250, -7.726959, 
   31.882294, 47.913361, 46.390839, 48.461060, 33.455933, -6.444519, 
   35.380341, 50.557281, 49.155853, 50.973145, 36.134125, -4.390778, 
   ---
   34.569763, 50.862976, 49.650726, 51.797974, 35.761932, -1.440552, 
   36.905609, 53.729797, 52.418335, 54.640045, 38.038605, 1.098969, 
   35.463196, 50.912079, 49.509186, 51.342224, 36.174011, 2.382721, 
   25.748535, 37.570740, 36.051575, 38.563110, 26.821686, 4.878357, 
   25.352753, 37.741760, 35.876190, 38.192871, 26.601257, 6.396698, 
   36.741913, 53.568176, 51.574951, 53.583649, 37.370697, 7.195526, 
   28.748779, 41.595825, 39.833344, 42.471924, 29.368958, 7.197418, 
   22.999084, 34.712402, 33.058929, 35.646088, 25.222534, 8.984863, 
   29.924835, 43.677063, 42.528229, 44.958221, 32.088348, 8.663940, 
   27.666443, 39.592224, 37.669586, 40.141632, 28.651703, 7.137115, 
   31.846222, 45.241211, 43.844788, 45.411804, 31.856476, 7.995667, 
   31.225464, 44.562134, 43.348907, 45.031799, 31.872375, 7.463043, 
   31.662445, 45.916718, 44.674683, 46.124512, 32.851715, 7.621521, 
   ---
   24.536652, 36.441650, 34.238739, 37.033691, 25.459290, 3.151825, 
   26.846283, 40.418274, 38.599518, 40.832520, 27.667206, 2.255585, 
   36.598969, 52.950500, 51.549988, 53.171417, 37.208405, 1.053558, 
   24.578918, 37.172333, 35.144409, 36.650452, 24.745300, -2.214142, 
   28.350555, 40.630707, 38.357574, 40.206360, 27.560974, -2.989441, 
   33.282898, 47.390717, 46.014832, 47.514069, 33.131531, -2.996887, 
   32.961823, 47.502167, 45.987305, 47.905762, 34.522064, -2.963959, 
   32.346619, 46.670197, 45.197723, 46.908386, 32.424500, -2.176788, 
   35.397949, 51.151306, 49.775085, 51.664825, 36.745880, -2.782471, 
   35.898590, 51.794922, 50.325073, 51.964905, 36.403473, -3.634796, 
   ---
   35.332947, 51.082520, 49.920288, 51.727264, 35.590759, -2.641541, 
   34.713470, 50.189209, 48.504883, 50.652100, 35.829224, -3.205902, 
   33.465607, 48.618683, 47.117920, 49.281555, 33.140991, -4.496887, 
   25.022064, 36.847565, 34.392090, 37.227966, 25.167999, -5.261353, 
   26.946930, 39.922180, 37.880463, 40.507599, 28.009521, -8.324127, 
   34.153473, 49.582397, 47.861542, 49.946350, 34.548553, -11.807343, 
   25.419769, 37.460968, 35.973999, 38.668671, 26.798096, -23.797119, 
   33.010437, 49.743652, 48.839539, 51.251617, 36.498047, -24.770966, 
   34.722412, 50.973480, 50.272308, 52.380493, 36.755493, -21.787201, 
   34.133209, 49.133423, 48.588409, 50.594543, 36.198669, -20.359344, 
   32.631317, 47.796112, 47.064270, 48.790619, 34.167084, -17.506042, 
   32.971863, 47.978149, 46.997070, 49.219025, 34.264343, -13.852386, 
   31.628723, 47.529205, 46.207855, 48.378418, 32.643463, -10.368286, 
   ---
   32.111877, 46.473663, 44.984039, 46.977386, 31.847778, -9.900024, 
   24.510559, 36.595306, 34.564392, 36.636292, 25.515717, -7.218872, 
   25.320404, 38.039490, 36.436554, 39.065216, 27.015839, 0.342773, 
   34.970825, 50.796875, 49.030945, 51.020538, 35.980865, 4.679321, 
   27.767578, 40.591400, 38.966095, 41.253357, 29.370850, 8.716888, 
   29.491516, 43.168793, 41.307587, 43.639526, 30.877625, 14.995697, 
   33.606293, 47.369171, 45.569000, 47.326904, 33.798645, 15.702179, 
   32.272125, 46.863831, 45.165222, 46.857910, 33.146332, 14.974487, 
   32.523041, 46.820984, 45.053619, 46.905426, 32.976959, 15.598511, 
   31.074738, 45.240112, 43.816986, 45.441254, 32.125885, 14.154846, 
   ---
   31.867645, 45.126984, 43.643524, 45.534729, 31.933502, 13.988678, 
   27.915680, 41.006866, 38.473267, 41.011688, 28.080902, 14.024261, 
   23.522614, 35.177368, 32.580780, 34.888275, 22.946686, 13.693390, 
   25.651947, 36.748718, 34.028564, 36.432922, 25.228760, 14.587128, 
   36.046997, 50.976471, 48.512451, 49.900665, 35.502563, 14.362457, 
   28.495728, 40.847992, 38.837494, 40.589111, 28.154022, 8.930695, 
   25.553467, 38.568268, 36.151703, 38.765778, 26.263214, 6.678894, 
   32.064545, 46.210754, 44.825897, 47.133820, 33.670959, 5.402405, 
   32.072693, 45.462097, 43.816559, 46.066406, 32.593658, 5.792572, 
   29.923981, 43.462097, 41.948029, 44.261383, 31.518738, 6.082092, 
   ---
   31.051086, 45.141663, 44.220856, 46.504211, 33.213470, 6.116364, 
   30.521393, 43.573639, 41.953461, 44.308868, 31.525970, 9.134308, 
   25.094513, 36.192780, 33.916687, 36.335419, 24.424377, 14.260284, 
   23.816650, 34.277496, 31.753784, 33.448303, 22.739288, 25.747314, 
   33.761078, 47.918304, 45.814331, 46.732086, 31.254395, 27.707153, 
   33.814545, 48.063110, 46.118866, 47.181244, 32.548798, 28.798584, 
   23.138550, 34.136871, 31.841400, 33.389526, 22.198151, 26.695740, 
   30.089508, 42.341492, 40.177155, 41.471649, 28.830994, 24.923798, 
   33.225555, 47.111267, 44.879395, 45.949432, 31.617554, 25.421631, 
   34.668640, 48.169312, 45.812866, 47.036438, 33.018616, 24.712128, 
   33.422363, 46.337708, 44.263855, 45.789246, 32.343719, 23.198212, 
   36.095703, 50.530548, 48.456451, 49.756897, 34.974060, 20.348541, 
   37.178070, 52.803619, 51.003021, 52.269958, 37.214905, 18.403046, 
   37.509155, 51.264801, 49.171692, 50.623413, 36.584717, 15.898376, 
   ---
   37.554047, 52.861389, 51.183990, 52.910492, 38.402069, 8.941315, 
   33.333466, 48.775543, 47.573364, 49.369019, 35.136658, 3.678223, 
   31.639801, 46.763489, 45.296143, 47.831299, 32.985504, -0.311798, 
   25.900238, 39.918579, 37.961243, 40.819580, 28.170624, -6.902802, 
   30.052795, 44.005768, 43.005554, 45.495361, 32.036041, -12.602570, 
   23.695465, 36.031860, 34.796844, 37.557587, 25.817627, -18.518341, 
   29.063477, 42.649628, 41.577454, 44.074341, 30.880066, -22.270142, 
   29.905640, 43.552155, 43.138031, 45.529205, 33.116516, -21.810577, 
   31.784241, 45.754120, 45.488739, 47.784698, 33.776581, -22.012543, 
   30.638367, 43.029724, 42.062622, 43.888092, 31.050354, -17.854980, 
   ---
   29.081482, 43.005646, 42.112610, 44.458496, 31.248688, -15.808228, 
   30.821259, 45.845428, 44.611206, 46.684052, 32.392151, -13.732452, 
   24.596405, 36.146454, 35.252838, 37.426849, 26.504150, -11.837830, 
   32.329742, 46.013367, 44.624329, 47.393738, 33.149811, -11.210419, 
   30.329407, 43.990295, 43.229065, 45.798889, 32.841492, -10.494110, 
   25.932526, 38.736115, 37.809998, 40.333893, 28.713684, -9.498749, 
   31.010956, 44.701172, 43.748596, 46.351288, 33.085693, -9.468109, 
   34.340240, 48.776672, 48.063263, 49.956512, 35.251648, -8.431946, 
   ---
   32.787201, 47.122345, 46.436554, 48.591766, 35.381958, -6.966553, 
   33.442139, 48.871826, 47.923859, 49.972260, 36.272614, -6.633881, 
   30.734161, 44.351746, 42.160645, 44.335907, 31.163361, -4.519196, 
   26.052399, 38.817871, 36.465698, 39.474274, 27.457733, 2.080505, 
   32.860229, 48.357086, 46.813568, 49.011841, 34.535126, 7.623901, 
   29.894684, 43.840393, 41.914429, 43.910797, 30.096130, 12.817627, 
   31.149963, 46.014679, 43.527527, 45.751404, 30.924469, 18.962585, 
   36.660828, 52.613220, 50.951477, 52.258484, 35.820435, 20.235382, 
   ---
   37.793915, 54.778839, 52.860016, 54.404755, 37.010864, 18.912476, 
   38.318604, 54.171509, 52.304688, 53.734863, 37.187958, 18.627289, 
   29.519653, 42.965149, 40.936981, 43.204071, 30.449707, 17.364838, 
   22.933167, 34.747070, 31.993500, 34.502106, 23.453339, 16.595215, 
   33.324493, 47.769775, 45.777008, 47.576019, 33.376160, 13.973389, 
   27.030701, 39.896637, 38.101166, 40.020691, 28.039124, 10.095459, 
   31.363098, 45.524475, 43.588043, 45.945404, 32.192108, 9.356079, 
   35.750458, 52.330994, 50.903595, 52.877472, 36.808838, 9.013031, 
   ---
   35.913605, 52.413757, 50.839203, 52.922028, 37.726318, 9.703613, 
   37.550110, 53.324127, 51.831573, 53.425568, 38.443817, 9.679962, 
   24.979065, 37.015472, 34.647278, 36.887695, 25.805878, 9.464478, 
   27.941772, 41.356445, 38.855011, 41.013397, 28.186371, 9.489929, 
   34.229401, 49.828949, 48.014343, 49.981720, 35.348083, 7.944061, 
   24.551025, 37.745758, 35.681427, 37.946381, 26.301270, 6.920319, 
   33.816376, 50.071991, 48.998444, 50.579468, 34.852631, 6.415955, 
   35.270752, 51.122192, 49.814301, 51.638550, 36.693756, 6.655945, 
   33.859528, 48.427246, 46.759674, 48.405487, 34.602325, 6.232391, 
   32.031738, 46.384827, 44.905243, 46.708252, 33.988007, 6.933746, 
   31.273041, 45.743652, 44.162811, 45.940826, 31.611633, 6.174469, 
   35.546722, 50.175659, 48.683411, 50.246185, 35.713806, 5.958344, 
   34.893707, 50.996552, 49.692383, 51.140839, 36.469574, 5.986206, 
   36.151886, 52.808289, 51.632843, 53.455353, 37.442291, 5.593475, 
   ---
   27.487335, 40.579102, 38.930206, 41.072662, 28.250580, 5.087189, 
   23.390106, 34.087891, 31.871552, 34.207458, 24.108002, 4.612488, 
   33.700104, 48.637756, 47.406433, 50.060059, 35.591095, 0.980225, 
   24.203522, 36.552338, 34.370514, 36.910461, 25.239716, -1.087158, 
   28.629913, 42.393311, 40.574158, 42.934296, 29.772400, -1.823364, 
   33.162872, 48.596039, 47.199982, 49.643219, 35.088440, -2.008545, 
   34.701782, 49.976959, 48.910767, 50.721191, 36.306091, -1.616577, 
   34.278595, 50.671326, 49.791962, 51.294861, 36.122559, -2.187866, 
   34.157928, 51.102997, 49.950043, 51.906128, 36.523834, 0.334747, 
   34.504700, 49.265900, 48.128601, 49.999908, 35.791046, 0.506775, 
   32.187622, 47.583984, 46.649872, 48.622314, 34.874634, 1.256012, 
   27.104797, 40.911743, 38.911102, 41.481079, 28.280823, 1.643677, 
   23.177551, 34.907227, 32.754791, 35.455383, 24.441559, 0.983826, 
   21.315613, 32.134918, 30.163147, 32.740021, 23.349213, 1.700867, 
   26.778961, 40.560974, 38.494751, 41.026154, 27.754028, 1.730743, 
   ---
   32.891113, 47.731018, 46.412994, 48.124603, 33.949768, 1.158875, 
   23.566315, 35.886414, 33.966583, 35.985229, 24.255585, 1.896667, 
   32.423340, 47.965576, 46.898621, 48.880981, 34.460999, 1.670898, 
   33.400574, 48.607758, 47.575867, 49.550171, 34.421204, 2.081146, 
   34.108215, 48.508759, 47.207581, 49.093567, 35.237335, 2.675598, 
   33.891785, 49.548370, 48.677582, 50.506897, 35.851379, 2.493805, 
   35.274689, 51.125275, 49.910370, 51.107758, 35.730652, 2.341309, 
   32.467194, 46.994751, 46.030426, 47.672485, 33.861694, 1.875885, 
   33.448975, 47.911774, 46.400146, 47.836548, 34.215851, 3.327850, 
   33.446869, 49.310303, 47.776031, 49.460144, 34.196777, 2.618500, 
   ---
   32.201050, 46.534424, 45.409393, 47.116638, 33.154053, 3.066681, 
   26.872742, 40.161072, 38.824158, 40.851227, 27.970917, 2.333679, 
   27.334961, 41.273376, 39.402161, 41.642609, 28.469482, 1.901947, 
   27.225494, 40.384521, 38.689911, 40.381897, 28.309784, 2.927490, 
   23.067719, 35.590851, 33.680267, 36.029053, 23.517120, 3.106720, 
   23.124115, 34.913544, 32.442017, 34.641388, 23.085022, 3.675690, 
   22.829529, 34.884216, 32.944763, 35.325348, 23.709839, 2.502838, 
   23.422943, 35.289093, 33.165894, 35.457336, 24.135254, 3.618652, 
   26.571289, 40.099243, 37.993805, 40.073914, 27.389679, 4.878967, 
   36.036102, 51.553528, 49.792908, 51.358673, 35.578674, 4.644196, 
   22.126923, 33.728058, 31.757141, 34.054688, 23.897858, 4.287811, 
   35.596832, 51.124817, 49.785065, 51.641510, 36.457611, 5.396912, 
   ---
   23.638550, 33.896820, 31.552704, 33.746216, 22.522705, 21.424744, 
   26.484253, 38.243134, 36.216644, 37.614288, 25.280670, 24.976471, 
   25.531403, 36.204987, 33.978668, 35.293213, 23.260742, 27.591553, 
   24.616058, 36.772400, 34.819275, 37.057343, 24.992004, 25.856567, 
   30.558472, 44.528015, 42.230652, 43.658905, 29.843170, 27.299957, 
   29.149689, 42.998566, 41.034332, 42.725372, 28.597076, 27.589233, 
   23.540833, 35.634186, 33.744965, 35.904144, 23.359009, 29.075317, 
   30.029022, 44.615570, 42.680786, 44.138214, 29.308105, 29.511963, 
   31.766632, 44.241547, 42.891785, 43.943390, 30.909271, 27.897156, 
   32.148041, 45.496979, 43.558044, 45.356079, 31.911652, 24.041046, 
   31.478180, 44.171082, 42.455353, 44.136597, 30.998474, 16.914032, 
   33.505493, 47.067200, 45.448700, 47.588440, 34.132507, 9.097687, 
   32.693817, 47.339874, 46.146301, 48.558044, 34.464111, 2.461334, 
   33.363556, 49.010864, 47.756836, 49.767731, 34.457397, -11.417206, 
   ---
   29.314667, 43.006836, 41.613983, 43.782867, 30.954041, -24.884125, 
   29.440002, 43.686462, 41.919891, 44.083130, 30.344727, -25.757416, 
   22.972961, 35.490295, 34.130737, 36.808441, 24.458038, -26.139130, 
   22.550903, 33.963348, 31.969025, 34.903168, 23.731689, -25.418335, 
   23.134766, 35.431305, 33.282959, 36.124878, 24.830566, -23.609863, 
   21.163452, 32.624451, 30.967560, 33.906433, 23.674744, -22.680511, 
   24.971313, 38.301300, 36.057526, 38.597931, 25.879089, -19.887238, 
   28.218109, 42.010284, 40.230133, 42.941132, 29.361786, -18.661774, 
   37.687988, 54.682251, 53.173279, 55.552032, 38.472595, -17.246521, 
   30.232025, 44.087555, 42.506287, 45.363037, 31.192108, -16.600494, 
   24.686859, 37.260712, 35.431488, 38.451996, 26.993408, -16.251556, 
   24.056732, 36.921387, 34.793243, 37.810028, 25.744324, -14.419250, 
   33.527954, 49.587494, 48.124481, 50.628937, 34.930481, -13.599945, 
   27.816925, 41.422302, 39.333466, 42.222076, 29.323029, -12.955994, 
   22.691589, 33.307739, 31.334869, 34.334137, 24.372559, -11.472809, 
   ---
   35.741302, 52.416656, 50.991760, 52.829193, 36.847504, -11.124420, 
   32.760193, 47.529785, 46.646332, 49.003235, 34.662354, -10.709961, 
   31.258209, 45.920776, 44.359985, 46.783264, 31.904022, -11.659821, 
   25.524719, 38.416718, 36.191193, 38.709686, 26.404785, -10.453339, 
   23.177307, 34.704529, 32.124756, 35.392822, 23.978607, -10.342560, 
   22.602600, 33.727264, 31.563446, 34.544617, 23.965973, -9.387299, 
   26.505066, 39.584137, 37.415192, 40.251251, 27.508331, -8.668427, 
   27.388245, 41.140686, 38.841827, 41.293457, 27.469696, -7.588318, 
   25.251160, 37.013458, 34.891296, 37.937286, 25.783508, -7.114777, 
   25.954926, 38.966461, 36.449036, 39.462555, 27.344513, -5.324127, 
   35.320526, 51.428741, 50.161530, 52.661682, 36.526489, -3.390717, 
   24.270264, 35.735291, 33.795227, 35.740845, 24.524231, -0.335052, 
   27.724548, 41.153015, 39.092773, 41.586548, 28.502991, 1.901154, 
   ---
   33.219879, 47.675049, 46.482117, 48.230377, 33.589111, 3.962952, 
   31.908447, 46.041595, 44.416870, 46.226379, 32.281769, 6.727875, 
   27.339111, 40.434265, 38.204254, 40.980621, 27.986938, 7.323639, 
   24.571411, 36.230469, 34.079285, 36.603821, 25.224030, 6.786469, 
   19.410736, 28.509888, 26.630096, 29.651031, 20.906525, 7.002350, 
   20.604767, 29.734100, 27.467865, 30.121735, 21.149811, 7.404724, 
   21.741577, 32.940308, 30.279175, 33.088593, 21.963165, 8.687805, 
   24.389923, 36.061005, 33.768280, 36.534637, 24.705170, 10.545685, 
   ---
   24.431610, 35.935211, 33.579956, 36.351440, 25.356506, 12.046082, 
   25.854523, 37.973236, 35.447021, 38.446899, 26.465210, 17.256836, 
   33.366791, 47.432739, 45.280090, 47.217712, 32.751648, 21.780853, 
   35.953857, 50.345673, 48.495026, 49.754028, 35.027008, 24.489868, 
   29.070526, 41.260620, 38.680237, 40.674835, 28.078278, 25.561249, 
   34.712494, 48.205353, 45.898834, 47.173035, 32.577118, 25.726929, 
   36.643372, 50.197632, 47.980377, 48.906525, 34.554413, 27.774628, 
   37.318604, 51.703888, 49.154694, 50.690155, 36.049622, 27.318817, 
   33.778076, 46.808929, 44.034729, 45.869446, 32.248108, 27.875702, 
   31.282104, 43.738525, 41.052673, 43.107635, 28.832458, 28.203278, 
   ---
   25.467651, 38.203522, 35.307373, 37.747345, 24.531403, 28.862946, 
   26.673828, 38.942413, 36.972168, 38.872650, 26.328766, 32.293884, 
   25.248535, 38.477173, 36.103394, 38.563904, 25.563354, 32.900513, 
   32.035461, 46.363922, 44.193359, 45.592072, 30.411865, 34.688110, 
   33.744324, 49.142792, 46.794861, 48.432098, 32.186188, 33.573669, 
   31.522003, 46.148041, 43.288239, 44.745911, 29.780060, 34.699249, 
   24.557495, 35.051788, 32.624390, 34.712250, 23.042542, 34.232697, 
   22.270233, 34.005005, 31.436523, 33.560181, 22.336456, 31.445587, 
   23.986816, 34.809814, 32.545807, 34.762207, 23.482635, 29.014191, 
   26.473846, 39.021393, 36.448029, 38.603912, 25.999817, 28.178497, 
   ---
   27.581696, 39.386963, 36.467896, 38.850372, 26.201416, 24.492828, 
   25.996063, 37.589081, 34.999603, 37.491913, 25.898743, 14.526276, 
   24.182556, 35.875427, 33.541016, 35.659912, 24.439514, 6.752075, 
   33.537994, 49.347198, 47.264557, 48.925690, 33.798340, 3.149567, 
   32.831970, 48.192810, 46.049957, 47.941559, 32.701111, -0.665161, 
   30.414154, 45.806732, 43.389496, 45.581207, 30.537109, -4.357025, 
   33.200745, 49.152832, 47.494598, 49.097168, 33.899231, -6.010986, 
   34.182922, 49.317169, 47.148712, 49.054443, 34.504852, -7.365356, 
   34.567139, 50.032166, 48.157959, 50.132996, 35.292694, -9.514221, 
   32.797729, 48.074280, 46.105713, 48.194916, 33.139984, -11.104492, 
   ---
   26.196350, 39.791351, 38.331421, 41.400665, 28.509094, -33.234436, 
   32.273743, 47.420349, 45.328918, 48.151672, 32.851685, -32.886108, 
   36.511017, 53.506927, 52.450348, 55.031647, 38.413391, -33.505066, 
   31.131592, 47.460449, 46.410187, 48.927856, 33.447418, -31.322357, 
   31.894653, 47.322021, 46.200256, 48.556030, 34.020905, -31.598480, 
   34.004730, 50.005554, 48.422424, 50.564972, 35.138031, -30.559845, 
   31.803162, 47.957672, 47.113007, 49.572174, 33.520844, -30.820038, 
   38.090454, 54.383118, 52.775513, 54.890381, 38.794678, -28.345703, 
   37.730743, 55.915710, 54.745850, 57.125427, 39.020508, -26.878784, 
   36.370453, 53.303131, 52.106171, 54.288818, 37.984314, -25.823456, 
   25.271637, 39.155762, 37.240448, 40.114044, 27.723724, -24.887604, 
   28.465149, 42.553741, 40.444550, 43.548096, 29.779541, -25.587677, 
   36.106567, 53.323395, 51.849854, 54.297668, 38.170898, -23.551117, 
   23.362915, 37.460083, 35.170288, 38.154419, 25.657104, -24.153717, 
   ---
   29.419006, 43.432251, 41.345886, 44.385742, 31.368896, -22.693176, 
   35.171082, 50.256439, 49.271881, 51.827454, 37.313477, -23.768311, 
   33.543274, 48.984741, 47.528809, 50.080719, 35.076965, -21.741272, 
   33.499146, 49.393219, 48.442627, 51.496338, 36.850372, -24.547943, 
   32.971130, 48.275604, 47.321594, 50.204407, 35.305878, -25.051453, 
   32.280182, 48.099548, 46.122467, 48.868988, 34.137726, -23.585205, 
   33.440674, 49.549225, 48.855835, 51.169708, 36.194733, -22.016388, 
   34.922272, 50.969299, 50.205780, 51.958099, 36.304932, -20.826813, 
   34.441711, 50.668182, 49.838867, 51.980591, 36.311890, -18.075165, 
   ---
   32.320465, 46.156342, 44.525238, 46.887695, 33.492340, 20.498230, 
   27.942261, 40.982269, 38.775604, 41.052887, 28.772003, 18.982452, 
   34.711487, 49.764526, 47.638855, 49.716858, 35.541809, 18.462250, 
   39.235016, 54.863098, 52.916412, 54.888306, 39.769470, 18.042847, 
   36.452393, 52.207367, 50.704712, 52.828674, 37.886841, 17.192657, 
   21.748779, 32.252197, 30.018951, 33.265106, 23.159119, 17.628296, 
   18.556274, 27.169250, 24.596283, 27.652954, 19.239777, 15.729736, 
   19.834839, 29.523865, 27.475342, 30.404053, 20.939270, 15.457458, 